20704748
20674162
20716366
20641159
20625199
20417637
20329643
14316646
20706707
20679890
20716750
20691477
17592972
20560563
20494177
20663274
20283632
20503973
20237155
20651811
20669588
20454762
19927653
19741254
20539071
20620700
20713423
20671282
20645609
20421845
20662699
20542251
20560567
20443417
18879872
20705086
20724714
20730535
20730342
19523107
20730108
20191455
20729276
20728979
20728749
20728674
19463474
20725755
20675288
19880633
20681790
20722600
20610368
16256836
20722094
20722017
20721759
20721143
20721284
20721105
13823680
20421991
20718119
20281181
14953245
13404629
14107881
20637074
20719500
20572517
20091306
19912631
19011114
19298476
16349566
15100481
20264201
12204587
20343968
19673558
19516571
20718472
20718335
20717809
19389789
20716193
20231875
20715539
20715207
20710923
20672079
20714752
20714395
20152043
20714034
20713764
20666717
20153126
19521549
20629257
