[10799, 5, 215]
[9500, 7, 158]
[9999, 7, 214]
[11850, 5, 203]
[13900, 5, 153]
[9650, 5, 260]
[10999, 3, 178]
[14700, 5, 150]
[0, 6, 156]
[9600, 6, 171]
[2950, 16, 270]
[9999, 5, 160]
[3600, 15, 177]
[8000, 10, 188]
[10200, 6, 125]
[5300, 18, 350]
[11999, 5, 200]
[9100, 5, 248]
[12650, 5, 167]
[2999, 14, 270]
[6200, 10, 245]
[9950, 6, 146]
[11688, 6, 211]
[8300, 6, 350]
[3800, 13, 220]
[6500, 11, 287]
[9000, 9, 149]
[7300, 10, 187]
[9700, 5, 247]
[2650, 14, 1]
[12900, 4, 97]
[4999, 11, 190]
[16200, 3, 168]
[10900, 5, 205]
[14600, 4, 147]
[3094, 13, 300]
[9250, 6, 153]
[3550, 15, 216]
[10400, 5, 150]
[14011, 4, 130]
[8600, 7, 189]
[6500, 10, 200]
[8600, 9, 138]
[8850, 10, 110]
[8500, 9, 200]
[3300, 13, 300]
[8200, 10, 307]
[10450, 5, 170]
[8999, 7, 162]
[2900, 16, 299]
[8300, 9, 145]
[7650, 8, 97]
[2450, 15, 250]
[5700, 16, 230]
[13900, 5, 200]
[10200, 9, 68]
[10750, 5, 250]
[7760, 9, 224]
[5000, 15, 159]
[15500, 4, 151]
[5500, 12, 198]
[0, 5, 170]
[6500, 16, 200]
[9360, 7, 154]
[13990, 4, 152]
[6200, 11, 168]
[12900, 4, 249]
[13800, 4, 160]
[15900, 3, 71]
[5999, 11, 240]
[12550, 4, 159]
[4450, 15, 195]
[9116, 4, 217]
[2950, 13, 224]
[12500, 5, 205]
[6500, 10, 190]
[5000, 17, 170]
[9900, 6, 193]
[5500, 13, 167]
[13000, 5, 88]
